step,u,ess,resampled,max_abs_state,max_abs_log_increment
1,19.980473518371582,8191.999999999949,False,4.161380369462862,2.730319066304878e-07
65,18.750615119934082,8191.999999987949,False,4.221687582080058,9.053399809375605e-07
129,17.559819221496586,8191.999999862757,False,4.140587684856763,2.8841129328992334e-06
193,16.408085823059086,8191.999998656584,False,4.479467612962682,8.823788968592557e-06
257,15.295414924621584,8191.99998804988,False,5.242235443786885,2.5949462591438393e-05
321,14.221806526184082,8191.999902086659,False,4.618159510706371,7.32454848284527e-05
385,13.187260627746584,8191.999221570263,False,4.752702799824002,0.00019866511481638673
449,12.191777229309082,8191.994506741505,False,4.439569328628883,0.000517805152116131
513,11.235356330871584,8191.965343061782,False,4.370071882504413,0.0012957571515298367
577,10.317997932434082,8191.787445867197,False,4.490050400218262,0.0031161539110377097
641,9.439702033996584,8190.816518213945,False,4.415486859894878,0.007175794521672777
705,8.600468635559084,8186.041656436518,False,4.8262923482583195,0.01579920284604461
769,7.800297737121583,8163.423412815995,False,4.5982341954512105,0.0337938577405478
833,7.039189338684082,8065.434256800781,False,5.31113358523371,0.06784649371259038
897,6.317143440246583,7681.967287764262,False,5.1955878501618455,0.13104370033221066
961,5.634160041809082,6392.035012457805,False,5.370594200797485,0.23495471789432026
1009,5.147557258605957,4089.400129247439,True,5.304391140994582,0.3490544458419502
1025,4.990239143371583,6858.60611097209,False,5.634787652523371,0.41553815005099226
1054,4.711322784423828,4001.573914535116,True,5.402796722066873,0.48773059513175726
1078,4.486560821533203,4011.530933113778,True,5.616430385166646,0.5829704816049277
1089,4.385380744934082,5670.381705951833,False,5.554092830853936,0.6435025474609507
1097,4.3125200271606445,4019.3735696161607,True,5.336786943887435,0.7015278164167922
1114,4.159717559814453,3976.644694796867,True,4.909186184419291,0.7376444807056836
1128,4.035949707031251,3859.4296121207294,True,5.6593004622835394,0.7945488649210496
1140,3.931350708007813,3868.048770614592,True,5.517365659983528,0.8171277171165096
1151,3.836674690246582,3870.3714936970205,True,5.547381143114225,0.9318013174205471
1153,3.8195848464965825,7146.430926158834,False,5.731868693776158,0.8940427713849134
1161,3.751606941223146,3815.6569336452058,True,5.342290116466773,0.9670616557678482
1170,3.6758613586425786,3886.928725527933,True,5.259398225130912,1.007346274689342
1178,3.609180450439454,3981.6763454554375,True,5.090750118185915,0.9960127924597966
1185,3.551335334777833,4041.066547420608,True,4.982790322893409,1.0917633634740966
1192,3.4939575195312496,3862.544095824356,True,4.963648029134905,1.0632297471811714
1198,3.4451484680175777,4010.9803493332697,True,4.853877873216547,1.123885200706649
1204,3.396682739257812,4006.5479880593607,True,4.837549247356992,1.1142732401691329
1210,3.3485603332519527,3732.899804394934,True,4.833416169377771,1.2632290308414544
1216,3.3007812499999996,3513.7076416346345,True,4.8578310221660495,1.2108131593168623
1217,3.292851448059082,7187.738945792128,False,4.869910008880205,1.1519681753578304
1222,3.253345489501954,3346.4765338153475,True,4.84412197302828,1.221797218561747
1228,3.2062530517578134,3489.3553802472493,True,4.875885296772585,1.2714688748712926
1233,3.167271614074708,3710.6188897119146,True,4.752565077953599,1.3476049212742647
1238,3.1285285949707036,3421.56528343265,True,4.7436983417338245,1.3360033163390417
1243,3.090023994445801,3691.0445086958593,True,4.812021206349783,1.3230899847619133
1248,3.0517578125,3438.159437777579,True,5.053853366057685,1.386960920100705
1252,3.0213165283203134,3616.4535900893175,True,5.157264962072606,1.327126514864126
1256,2.9910278320312504,3942.6368659043933,True,4.931439953897638,1.3491596847966838
1260,2.9608917236328125,3932.266107572103,True,4.970972957205759,1.388424133330007
1264,2.930908203125001,4062.607570395091,True,4.898982164891545,1.3439472371502967
1268,2.901077270507813,3798.1650925178196,True,4.748906121796329,1.4124228157884386
1272,2.87139892578125,3759.6748828721807,True,4.932917568870873,1.5688121845000573
1276,2.8418731689453134,3907.7684170078714,True,4.805147517374762,1.51861628454821
1280,2.8125000000000004,3561.136771012673,True,4.716363962327113,1.4856083391852226
1281,2.8051805496215825,6669.794188856642,False,4.798676174946299,1.4990169849359847
1284,2.783279418945312,3659.267144519299,True,4.930014353989287,1.5586245485814976
1288,2.754211425781251,3428.902135155583,True,4.9704862350386465,1.3966503253299336
1292,2.7252960205078125,3572.581159758488,True,5.038633480853344,1.510778409266659
1295,2.703709602355958,3704.574246855377,True,4.838700391709954,1.6431032173662465
1298,2.682209014892578,3871.8153514490873,True,4.84010197978549,1.5003360028868724
1301,2.6607942581176767,3796.005866301444,True,4.670334298308822,1.4838064819755108
1304,2.63946533203125,3650.707905481641,True,4.672146343654902,1.4927395324877362
1307,2.6182222366333017,3871.0753953990106,True,4.69059478015556,1.6252059476425613
1310,2.597064971923828,3672.3854915130205,True,4.594680720680133,1.707818860582013
1313,2.575993537902833,3676.7629427294173,True,4.302241211034149,1.5299815077585275
1316,2.5550079345703125,3608.3329929859256,True,4.351633953135806,1.6729939715648607
1319,2.5341081619262704,3760.5525794331743,True,4.485596724879203,1.605483936047456
1322,2.513294219970703,3784.093452528749,True,4.239305367017324,1.629697262263917
1325,2.492566108703614,3245.8373742729577,True,4.209715515556921,1.644319159530634
1328,2.471923828125,3626.704539997511,True,4.017987132198643,1.661827396919921
1331,2.451367378234864,3375.402216771973,True,4.175128596677998,1.6622706026113845
1334,2.430896759033203,3439.1598424092585,True,4.065483662303602,1.733357882882703
1337,2.4105119705200204,3253.6203716723894,True,4.0098725043825265,1.926036640504612
1340,2.3902130126953125,3170.1244094066715,True,3.986981793056836,1.7046889587441594
1343,2.369999885559083,2570.8987712609296,True,4.024883743716852,1.9288220778252274
1345,2.3565721511840816,4073.8287192555617,True,4.060809162378558,1.9341290823113706
1348,2.336502075195313,3089.609525676874,True,4.052910930424473,1.7853347450362673
1351,2.316517829895019,3181.1274759888897,True,3.8809409087570206,1.7738443484618147
1354,2.2966194152832036,3077.7708547738825,True,3.850019501660633,1.9479062211910205
1356,2.2834014892578134,3909.3904088503846,True,3.8795513873292817,1.991476071711213
1358,2.270221710205078,3868.4747312005793,True,3.7626924130172106,2.019220541832902
1360,2.2570800781250004,3821.47048475775,True,3.864082128716167,2.0442597168678
1362,2.243976593017579,3866.547922139204,True,3.8508587100731195,1.9157202108466223
1364,2.2309112548828125,3698.1841951725305,True,3.8060566985476103,1.982038658154091
1366,2.2178840637207036,3877.9592565155885,True,3.680898712910343,2.208078706429171
1368,2.204895019531251,3690.557111633601,True,3.693024682204145,2.078168377220201
1370,2.191944122314453,3600.5756147175366,True,3.7361248273301317,1.9758834165942945
1372,2.179031372070313,3673.351204365885,True,3.718866634122763,2.0595949869102452
1374,2.166156768798829,3356.5491965204046,True,3.6248451038053884,2.227813435971933
1376,2.1533203125,3492.5808436522625,True,3.688529655817057,1.9414029346300488
1378,2.1405220031738286,3331.187767439921,True,3.6689250253038233,2.077740426224962
1380,2.1277618408203134,3363.9135492666805,True,3.659645748782022,2.040339999890544
1382,2.115039825439453,3216.6864483879003,True,3.7164672162003076,2.0542993347293197
1384,2.1023559570312504,3233.919862383391,True,3.675381124046907,2.2186982680009972
1386,2.089710235595704,3144.1345976584657,True,3.637711864757964,2.090388848637689
1388,2.0771026611328125,3321.2512826151906,True,3.760121147604331,2.269387417903393
1390,2.0645332336425786,3062.1446390109795,True,3.6585774141390512,2.182750157601336
1392,2.052001953125001,3146.6425658200646,True,3.7927277392511267,2.122659694682584
1394,2.039508819580078,2996.6097317116355,True,3.5580460067475097,2.112001941446469
1396,2.027053833007813,2942.830464355826,True,3.6236283815571357,2.265261217283775
1398,2.0146369934082036,2826.8704210207775,True,3.6979374541429,2.426632906023925
1400,2.00225830078125,2806.6153413646007,True,3.5323184669028014,2.3287056101949597
1402,1.9899177551269533,2857.948004532674,True,3.4496041198421543,2.558350315678345
1404,1.9776153564453132,2681.967886806468,True,3.503921154473586,2.483726636601285
1406,1.965351104736328,2536.1938079730617,True,3.6165601421819447,2.3283533173685473
1408,1.9531250000000002,2389.1339853906093,True,3.6120258338858275,2.6218771110240136
1409,1.9470262527465825,4541.7721605536235,False,3.63224458862534,2.3944433521730706
1410,1.9409370422363288,2397.3619389352075,True,3.6390570006658063,2.524102258588244
1412,1.9287872314453123,2351.42523476682,True,3.68431484801415,2.7940658882953593
1414,1.9166755676269533,2326.881769720976,True,3.520907329732949,2.637330198441323
1416,1.9046020507812507,2365.5174081696528,True,3.380550271156248,2.5790185455308605
1418,1.892566680908203,2281.849834629803,True,3.267081291228335,2.660836686891541
1420,1.8805694580078127,2308.3788468648336,True,3.345221685446218,2.8911153411441934
1422,1.8686103820800786,2222.4816424716814,True,3.2674806191482726,2.7552115968934774
1424,1.8566894531249998,1670.5578174011937,True,3.3356324694822255,2.8531378530308897
1425,1.850743293762207,4045.6370499603736,True,3.3691077511876992,3.1487830749537675
1426,1.8448066711425783,4053.036641861624,True,3.2290031918559863,3.195725500771391
1427,1.8388795852661135,3993.9678532672096,True,3.265689239220842,2.9969731052073607
1428,1.832962036132813,4085.918505645594,True,3.2648495206123904,2.8815099215344597
1429,1.8270540237426764,3972.22451480744,True,3.2479524109104814,3.1386383307174532
1430,1.821155548095703,3768.5427171326446,True,3.2000745073133126,3.454882870778818
1431,1.8152666091918945,3889.6929864585413,True,3.2320449695968487,3.221095624113062
1432,1.80938720703125,3704.7305495716573,True,3.2162429683227636,3.292112561238691
1433,1.8035173416137698,3708.2757225371574,True,3.178849513098305,3.2838286855791816
1434,1.7976570129394536,3762.296422795714,True,3.1621307030871795,3.3837823354286467
1435,1.7918062210083014,3609.0166984798543,True,3.171489497950436,3.3243778372656334
1436,1.7859649658203123,3600.7711390579393,True,3.188356601251079,3.216252530690173
1437,1.780133247375488,3547.5035286030316,True,3.1874240666225973,3.750100723419352
1438,1.7743110656738281,3410.964402272881,True,3.0896015316579146,3.799587275416402
1439,1.7684984207153323,3256.238851690956,True,3.054553043051477,3.825194246752262
1440,1.7626953125000004,3225.327609593388,True,3.0988422043475086,3.6458715475004775
1441,1.7569017410278327,3214.7911409501903,True,3.1572092410957646,3.627347611811059
1442,1.751117706298828,3116.1220884399554,True,3.1813868251625514,3.772858292450888
1443,1.745343208312988,2961.8288541016655,True,3.1733048850354635,3.94730612928615
1444,1.7395782470703125,2712.727168249579,True,3.174318813859271,4.244775320607168
1445,1.733822822570801,2662.3644804266833,True,3.2997257785144427,3.9932911318219153
1446,1.7280769348144536,2826.2302466244196,True,3.178188215105991,3.930943371848989
1447,1.7223405838012702,2693.9207047471864,True,3.206651436673218,3.8855532841909515
1448,1.7166137695312496,2771.5044742126793,True,3.245269690738619,3.711745730268473
1449,1.7108964920043943,2721.0621922368637,True,3.221647945775298,3.587557803833903
1450,1.7051887512207031,2686.0142303897073,True,3.281069625380872,3.7041224270933975
1451,1.699490547180176,2708.867525720928,True,3.305292150744447,3.5268329734860133
1452,1.693801879882813,2778.671691861101,True,3.1853917849898674,3.5430292959712277
1453,1.688122749328614,2688.939491795839,True,3.2389251852564755,3.6954650655814083
1454,1.6824531555175777,2773.1624513724864,True,3.2233818118057735,3.6196104074334228
1455,1.6767930984497068,2647.085401163432,True,2.9878472694051683,3.696411843172728
1456,1.671142578125,2802.8449175278597,True,2.9842865725559005,3.633990923902996
1457,1.6655015945434573,2803.1316973545686,True,2.899602676778768,3.7121781380338548
1458,1.6598701477050786,2782.2671782140587,True,2.8867473140844555,3.8951924120218426
1459,1.654248237609864,2766.10930475593,True,2.8476374299689113,3.599394148586119
1460,1.648635864257812,2831.636956887335,True,2.983478787054865,3.4423250026811667
1461,1.6430330276489256,2817.2451904235218,True,2.955518088032526,3.5849884630884183
1462,1.6374397277832031,2805.369119143704,True,2.909320363903889,3.6829491443394136
1463,1.6318559646606448,2791.904832384874,True,2.8754279051711333,3.8359558197689716
1464,1.6262817382812504,2703.9153235891417,True,2.9081794254430107,3.8719771207211227
1465,1.62071704864502,2802.5775462700058,True,2.9135737286816594,3.606408234826226
1466,1.6151618957519527,2779.958631816931,True,3.0156765481534147,3.6931035824158287
1467,1.6096162796020506,2873.2737809224564,True,2.888380591201023,3.9860050553838398
1468,1.6040802001953125,2785.857400400122,True,2.867898121198888,3.751727484778423
1469,1.5985536575317385,2808.9149835046173,True,2.8762126615049444,3.8660962284200444
1470,1.5930366516113286,2739.384578782581,True,2.820428847096272,3.7538599202382157
1471,1.5875291824340825,2731.2250888246836,True,2.8831560976909802,3.9105893324715617
1472,1.5820312499999996,2646.974939188471,True,2.753087650757969,3.79725468545912
1473,1.5765428543090818,2646.6638247697206,True,2.8032056586753473,3.7475728168671125
1474,1.5710639953613281,2602.6230597842136,True,2.8160236475790694,3.7114163289546522
1475,1.5655946731567385,2629.2829010904197,True,2.751934828323142,4.092302210461882
1476,1.5601348876953127,2517.7885241678246,True,2.829831696354628,3.973710413872499
1477,1.5546846389770512,2573.331851056452,True,2.8501398157062448,4.0749168364764135
1478,1.5492439270019538,2599.3883489829786,True,2.8192188313584006,3.910622173781017
1479,1.5438127517700193,2613.3117215377783,True,2.8136238503980064,3.7455028427129817
1480,1.53839111328125,2583.5642267341705,True,2.680145049030426,3.9823518990763667
1481,1.5329790115356448,2544.57741780222,True,2.6655632632830857,3.8042945304899707
1482,1.5275764465332033,2675.6069909863754,True,2.702096882692188,3.800787762234866
1483,1.5221834182739262,2544.3904777753432,True,2.605837380612149,3.7910540053854906
1484,1.5167999267578132,2571.0568913908483,True,2.633249194076178,3.764691959785272
1485,1.511425971984863,2565.0057425798927,True,2.6463912956728284,3.8858214526879316
1486,1.5060615539550781,2301.91971286078,True,2.695443606138806,4.150316458332392
1487,1.500706672668457,2396.368072793175,True,2.829392086564192,4.124505940889126
1488,1.4953613281250002,2378.1113655728686,True,2.859102988216287,4.176005188835535
1489,1.4900255203247075,2308.601458217442,True,2.865665919154783,4.186666561822898
1490,1.4846992492675788,2304.658768226075,True,2.7963460736339583,4.1047368859447
1491,1.479382514953613,2212.55021565915,True,2.761843122357873,4.310149981287396
1492,1.4740753173828125,2301.2267899012672,True,2.7773350859188803,4.0729492306445065
1493,1.4687776565551758,2349.4274659234793,True,2.829515684047334,3.8476298166464877
1494,1.4634895324707033,2379.0909089699817,True,2.6965800994899283,4.023433678196868
1495,1.458210945129395,2341.222824211432,True,2.7325618355259804,3.9674193378344955
1496,1.4529418945312507,2270.184404359188,True,2.5997052524045223,4.393617568186677
1497,1.4476823806762693,2072.0060943045937,True,2.5312897334054494,4.74237724251275
1498,1.4424324035644531,2232.697244303439,True,2.527294511137119,4.351711717411565
1499,1.4371919631958008,2196.101579802964,True,2.5515635107036596,4.28072693002783
1500,1.4319610595703127,2181.2966391936056,True,2.6133146060830237,4.638687679005212
1501,1.4267396926879887,2181.002174709643,True,2.7354811851438994,4.115616408100953
1502,1.4215278625488288,2045.8099619327666,True,2.5437735394136873,4.476384768755114
1503,1.4163255691528318,2108.494297198411,True,2.5231656257626707,4.035114623939381
1504,1.4111328124999998,1993.9183496791507,True,2.5697995774246585,4.429065116856754
1505,1.405949592590332,2033.3997943274435,True,2.5074449870782822,4.612090664229353
1506,1.4007759094238283,2063.1969495286125,True,2.5651185524193783,4.679771588048996
1507,1.3956117630004887,2105.5767950388445,True,2.4744423522028347,4.492588861612104
1508,1.3904571533203132,1957.9485919569383,True,2.5135893240964435,4.420713292871023
1509,1.3853120803833006,1923.777494429775,True,2.552124451272903,4.52489398735052
1510,1.380176544189453,1882.0051399794472,True,2.4995101860396858,4.504425700911321
1511,1.3750505447387695,1779.836809275222,True,2.515893115571855,4.65936020894427
1512,1.3699340820312502,1828.8809309506769,True,2.532810404550117,4.462457131215181
1513,1.364827156066895,1831.2717850238432,True,2.56665376528583,4.586225636953374
1514,1.3597297668457036,1722.9323045998012,True,2.624380638970729,5.207381796225744
1515,1.3546419143676756,1548.64577822009,True,2.5867616484606835,5.1757690582466305
1516,1.3495635986328123,1587.463505663763,True,2.5303271350757828,4.919761075631545
1517,1.3444948196411133,1524.410524943503,True,2.506112800236169,4.803678024247041
1518,1.3394355773925783,1640.5333974486152,True,2.5885761869852217,4.863577472559877
1519,1.3343858718872075,1585.2438369736944,True,2.5692186014364786,5.049114926999712
1520,1.3293457031250004,1636.302763427159,True,2.535973578322897,4.914799340000842
1521,1.3243150711059566,1610.3638958682482,True,2.5415822254399494,4.868630262744333
1522,1.319293975830078,1314.1900573875505,True,2.5247261452806757,5.672291710618461
1523,1.3142824172973633,1236.3141479933436,True,2.5868982458314393,5.388804208768647
1524,1.3092803955078127,1259.3777287640626,True,2.549532582238143,5.145867931361592
1525,1.304287910461426,1229.7835624700786,True,2.4776442381546993,5.493997963525862
1526,1.2993049621582036,1240.575444895974,True,2.3326697140269372,5.099605409811202
1527,1.294331550598144,1217.5563220459785,True,2.4051652148728726,5.538072869592449
1528,1.2893676757812498,1276.0202648825664,True,2.4206751472762518,5.217375536985557
1529,1.2844133377075195,1277.906498963959,True,2.4030041976880017,5.447427280887829
1530,1.2794685363769533,1151.2526649232238,True,2.3120170225065695,5.356131705581434
1531,1.274533271789551,1174.9329969979512,True,2.344188509785157,5.497869951463996
1532,1.269607543945313,1313.0126095941534,True,2.4275481106765717,4.9992002982340304
1533,1.2646913528442378,1193.275403154428,True,2.3411248662277884,5.205434498398673
1534,1.259784698486328,1384.9760000054325,True,2.3610403829533873,4.988139890420723
1535,1.254887580871582,1360.9995421614472,True,2.2600909458227774,5.29112943551601
1536,1.2500000000000002,1403.3228172484182,True,2.2637945119553127,5.3663049870511825
1537,1.2451219558715823,1413.0825709499914,True,2.246095660347902,5.142516469475297
1538,1.2402534484863286,1421.5276137479952,True,2.2842842568954684,5.443590825477911
1539,1.235394477844239,1221.0220258614877,True,2.3634347657046764,5.50870417948462
1540,1.2305450439453123,1275.3634778093945,True,2.2997174631734363,5.339010722396704
1541,1.2257051467895508,1403.400661689806,True,2.4545389235116413,4.882667705048538
1542,1.2208747863769531,1316.7784482678321,True,2.4186192951396888,5.385119740905416
1543,1.2160539627075198,1491.8765224616704,True,2.374425799461311,4.938529189552888
1544,1.2112426757812504,1263.562834959844,True,2.275727107801646,5.633790177039108
1545,1.2064409255981452,1218.6883109445616,True,2.3309844308688845,5.1963766531104865
1546,1.201648712158203,1138.6626887665107,True,2.325462711826287,5.657789591635022
1547,1.1968660354614258,1375.5678446273364,True,2.29262718363439,5.123731664990073
1548,1.1920928955078125,1308.972313852183,True,2.2885720617537917,5.554697591783421
1549,1.1873292922973635,1311.294520899269,True,2.24589959630315,5.237233875437361
1550,1.1825752258300786,1430.4451268207417,True,2.264051112913931,5.167024538141187
1551,1.1778306961059577,1387.1898663134145,True,2.20243243918779,5.325096953488524
1552,1.1730957031249998,1319.4386970503472,True,2.1852311415548367,5.558356671271507
1553,1.168370246887207,1234.1486490736893,True,2.1926979806555065,5.182233031487504
1554,1.1636543273925781,1417.8650769719204,True,2.2312076190581447,4.905800960358588
1555,1.1589479446411135,1395.7152936384286,True,2.180024575784116,5.228577301858707
1556,1.154251098632813,1382.7784852898226,True,2.221650569478185,5.111183804088039
1557,1.1495637893676762,1212.3224881921888,True,2.282952231298031,5.825554172727181
1558,1.144886016845703,1325.2784809641726,True,2.229141425596982,5.202130472962031
1559,1.1402177810668945,1407.6279037060854,True,2.271146041152073,5.248597592329275
1560,1.13555908203125,1330.504137686451,True,2.2603494716052452,5.151907602583926
1561,1.1309099197387698,1001.1845072272221,True,2.256887271813373,6.090197923325844
1562,1.1262702941894536,1202.8002579344006,True,2.2407266349443598,5.286018242935197
1563,1.1216402053833012,990.1804607550345,True,2.2624856336065338,5.739446488397489
1564,1.1170196533203123,909.4687101451177,True,2.1666101631243366,6.2191044201003765
1565,1.112408638000488,919.7004994459827,True,2.125917504541679,6.189003574504078
1566,1.1078071594238281,868.097102393318,True,2.175634933692388,6.286672675740799
1567,1.1032152175903323,1025.6964925679406,True,2.2210950541353136,5.661649927941463
1568,1.0986328125000004,972.3247707344701,True,2.134867217740221,6.13011604111755
1569,1.0940599441528325,1069.5743779639383,True,2.2276258159145943,5.7078180291074485
1570,1.089496612548828,1038.7176300030646,True,2.1394717181951686,6.024485305019687
1571,1.084942817687988,1170.689688105871,True,2.2933743984066326,5.406678903149974
1572,1.0803985595703125,1006.9516155455153,True,2.178821014744074,6.228525363212213
1573,1.075863838195801,1051.2116851738033,True,2.1704661693242655,5.901222425654264
1574,1.0713386535644533,1009.6831754564613,True,2.2213585896338204,5.806288714015441
1575,1.06682300567627,1012.148511162637,True,2.1908566252517345,5.87448971085897
1576,1.0623168945312498,1083.4368426195829,True,2.3995792278194883,5.687564160930588
1577,1.0578203201293943,1005.1120361657687,True,2.2838983474404575,6.217380825569201
1578,1.0533332824707031,1046.688572220297,True,2.1093615670301418,6.424890757564198
1579,1.048855781555176,1205.3491532970636,True,2.1926225050405015,5.375775385377204
1580,1.0443878173828127,1040.9543790227592,True,2.174068085750055,5.644708851628105
1581,1.0399293899536137,950.0390522524813,True,2.1282980812011116,6.229071637710158
1582,1.035480499267578,918.2361272214663,True,2.082890898647927,6.34776609440739
1583,1.0310411453247068,1061.7512602106333,True,2.011698841262018,5.786266084599184
1584,1.026611328125,937.1800143082635,True,1.9991742756488722,6.17394518186667
1585,1.0221910476684573,960.45573592987,True,2.0053759960233095,6.072419964555834
1586,1.0177803039550783,1089.9426055561923,True,2.011110467693707,5.614691458016839
1587,1.0133790969848637,718.5903458907933,True,1.9959905014372046,7.024298913066592
1588,1.0089874267578123,983.381943336592,True,1.9778914102893739,5.9188051785575135
1589,1.0046052932739256,944.0771695500615,True,1.9828966809576822,6.0256882897187936
1590,1.0002326965332031,913.6030587905202,True,1.9537609140815602,6.451457080807909
1591,0.9958696365356446,681.5608006492366,True,1.997021585005124,7.101085284628177
1592,0.9915161132812502,952.573277627691,True,2.045525795418062,6.020922227043815
1593,0.98717212677002,900.2278877457367,True,2.011258807127648,6.0452815435352845
1594,0.9828376770019528,849.4742520206156,True,2.043390774914997,6.359412045547102
1595,0.9785127639770506,904.220933241374,True,2.0128074379086476,6.440921858206336
1596,0.9741973876953125,875.6002663051734,True,2.1048933885541707,6.572304254335974
1597,0.9698915481567384,1063.041428878541,True,2.116472164713211,5.919443960610201
1598,0.9655952453613283,694.4166965434426,True,2.0882577799622157,6.892338939611977
1599,0.9613084793090824,870.2054226054788,True,1.9620563045390396,6.42806990776555
1600,0.9570312500000006,594.3883893262336,True,1.909292968766561,7.242907552561613
1601,0.9527635574340818,751.1189718106432,True,1.9605958708402467,6.347989674014115
1602,0.948505401611328,734.8662832892903,True,2.023663215765973,6.744470681665193
1603,0.9442567825317384,679.4577386254066,True,2.0410861877147903,6.77763295967469
1604,0.9400177001953127,582.8946985629238,True,1.9883511920059596,7.280836105543667
1605,0.9357881546020511,721.9201121485714,True,1.9642927491593833,6.721386750498129
1606,0.9315681457519537,861.2839363150723,True,1.953983439443031,6.409450430187643
1607,0.9273576736450193,841.6887333235965,True,1.845217389827205,6.29390090957966
1608,0.9231567382812499,841.8871991958514,True,1.8829034983358832,6.603742131427616
1609,0.9189653396606446,743.6524129071084,True,1.8143964709862404,6.759951009589082
1610,0.9147834777832033,701.0226860663039,True,1.895283029565988,6.637548176904936
1611,0.9106111526489261,647.6549128956788,True,1.8590842674924937,6.841962030688651
1612,0.9064483642578129,528.7189461919638,True,1.8656159418781877,7.0748547748969965
1613,0.9022951126098631,534.3329842644902,True,1.8752571954578185,7.616192043499473
1614,0.898151397705078,519.2654626758898,True,1.838652232618713,7.22928742201296
1615,0.894017219543457,600.9118258876542,True,1.8578649185037939,6.828561144184718
1616,0.8898925781250002,513.3048591853643,True,1.8719900057337193,7.140924736594283
1617,0.8857774734497074,625.9727181869017,True,1.8535939453849437,6.902513530127252
1618,0.8816719055175786,597.270928388554,True,1.995926592974786,7.197727568197939
1619,0.8775758743286131,602.0247533066432,True,1.9074016695285474,6.97897562359369
1620,0.8734893798828124,685.0882969794317,True,1.9168302080229516,6.729598810662056
1621,0.8694124221801758,556.4156765161454,True,1.789894191123489,7.3638304568926785
1622,0.8653450012207033,716.6985597318732,True,1.8783098272889154,6.67193851137739
1623,0.8612871170043949,552.2094527494772,True,1.8377654364876423,7.396887126608696
1624,0.8572387695312504,763.7876985738587,True,1.8720330663454243,6.436201803318403
1625,0.8531999588012693,626.305294671414,True,1.8481653086839498,7.374246902587161
1626,0.849170684814453,652.8022894987436,True,1.7518688750316782,6.877163015164052
1627,0.8451509475708008,542.2261619560982,True,1.8283493414028043,7.306407585072208
1628,0.8411407470703126,424.0494511519588,True,1.8150597427034234,7.978202824289256
1629,0.8371400833129886,721.618601992026,True,1.8322335673326025,6.814841731996075
1630,0.8331489562988286,587.2576483490051,True,1.7306340582375626,6.966652465491787
1631,0.8291673660278318,507.6458154675283,True,1.7353833576965914,7.261046221301154
1632,0.8251953124999999,610.6283301485047,True,1.767088311633127,7.46965798626129
1633,0.821232795715332,649.82988685735,True,1.805786760691399,7.053764972593632
1634,0.8172798156738282,605.735256847574,True,1.8007953912287138,7.077055143856479
1635,0.8133363723754885,708.4246991081361,True,1.77051245112014,6.656405996363935
1636,0.8094024658203129,589.2803798556303,True,1.7743630063724964,7.506258700220026
1637,0.8054780960083006,533.1328090106549,True,1.7142793999752965,7.338638513861177
1638,0.801563262939453,487.7956605351006,True,1.7608880957509625,7.618261639996109
1639,0.7976579666137695,449.32682986284374,True,1.7877546597586351,7.826406981934151
1640,0.7937622070312501,341.86091943579373,True,1.7884272665523155,8.310723544992618
1641,0.7898759841918948,392.8182129783597,True,1.827194104237185,8.064235243993043
1642,0.7859992980957035,467.82939638565813,True,1.9858476159313079,7.581341738386193
1643,0.7821321487426756,412.97575364148054,True,1.857701297162447,7.801395652758399
1644,0.7782745361328124,464.9010264539766,True,1.8103292813617613,7.848557291538011
1645,0.7744264602661133,500.61858890442807,True,1.7683801293371577,7.331496585428153
1646,0.7705879211425782,480.4945503559495,True,1.8101983753570676,7.779955572240198
1647,0.7667589187622073,529.1464418995779,True,1.7962693126453964,7.537851587209616
1648,0.7629394531250003,263.3614341495965,True,1.768181268534866,8.717514760798114
1649,0.7591295242309567,381.76056536885653,True,1.9616550136027249,8.237073890188046
1650,0.755329132080078,310.7620560288229,True,1.896182305432069,8.545743120105872
1651,0.7515382766723633,430.9058917600611,True,1.869381344605561,7.535366668893806
1652,0.7477569580078126,356.3116665131801,True,1.8106532008344638,8.349666495250686
1653,0.743985176086426,445.1028050889393,True,1.8304898204609226,7.651111396537089
1654,0.7402229309082035,206.92177672216238,True,1.8618833609553096,8.75170890227662
1655,0.7364702224731442,342.70885973876136,True,1.754226774222251,8.294936352212511
1656,0.7327270507812499,481.7906576684246,True,1.7175211211142782,7.885714502789787
1657,0.7289934158325195,297.00674925533764,True,1.7113518641020224,8.386196885128859
1658,0.7252693176269532,345.1275302661782,True,1.7269492989191333,8.356997032077297
1659,0.721554756164551,255.64667652319022,True,1.7526580098098508,8.831437896451032
1660,0.7178497314453128,347.06069488110353,True,1.7021493450461826,7.826361790433472
1661,0.714154243469238,438.0466171329429,True,1.6801392170635423,7.861452240037104
1662,0.7104682922363279,404.5865737713104,True,1.6801891603443428,8.265118992844448
1663,0.706791877746582,544.3537364060091,True,1.7251829361771727,7.6772306249150315
1664,0.7031250000000001,223.74760729647417,True,1.6471510523364508,9.010770994817136
1665,0.6994676589965823,265.56037413482693,True,1.6575626939145116,8.169132805497489
1666,0.6958198547363285,397.5907719713032,True,1.604427877680979,8.037480325774762
1667,0.6921815872192387,332.6475997725994,True,1.5713335217270312,8.155820323069497
1668,0.6885528564453123,260.58785159290784,True,1.624437660061303,8.967655536988143
1669,0.6849336624145507,323.5980738076752,True,1.600898782312354,8.021415012251051
1670,0.6813240051269531,337.16430544186255,True,1.6744368689378444,8.457340672849217
1671,0.6777238845825198,510.2410730458041,True,1.6310638904860457,7.828580716729493
1672,0.6741333007812503,342.5961032784042,True,1.5836049041122249,8.681186584278837
1673,0.670552253723145,255.71399142698732,True,1.6296787639048973,9.185697931143622
1674,0.6669807434082029,319.36241907734467,True,1.6861773588668225,8.438900325212048
1675,0.6634187698364257,297.2559996662977,True,1.645141082161568,8.713573380941936
1676,0.6598663330078125,324.1079970545747,True,1.6428486319046631,8.764610346380843
1677,0.6563234329223634,404.4123751214432,True,1.677763485502415,8.245297439455728
1678,0.6527900695800783,357.4510015694889,True,1.6484105188451414,8.230344627011673
1679,0.6492662429809575,422.82577364080333,True,1.5472285678662963,8.568443716487977
1680,0.6457519531249998,401.73884761968014,True,1.6038817920798154,8.122155672930564
1681,0.6422472000122069,451.2742939280296,True,1.6436769644665619,8.393577000088179
1682,0.6387519836425781,111.50274268929142,True,1.5657657898987967,9.994131491530176
1683,0.6352663040161134,238.5063815364086,True,1.6259424899723942,9.157249982014523
1684,0.6317901611328127,211.33779356847194,True,1.6114549500524753,9.13798151774279
1685,0.6283235549926761,72.79203241791687,True,1.572313750587455,10.342760475837443
1686,0.6248664855957029,279.6983232009577,True,1.634965525862871,8.710195293783348
1687,0.6214189529418944,157.94611322076221,True,1.5672297425393764,9.554874445954965
1688,0.61798095703125,254.56531969912373,True,1.6155575534354316,8.580367976711466
1689,0.6145524978637696,206.63210427917474,True,1.6227319652540684,9.469933453657223
1690,0.6111335754394533,269.0885115285128,True,1.6299720027614395,8.972077404531563
1691,0.6077241897583011,233.89027443181408,True,1.6611033357542826,9.448046702115182
1692,0.6043243408203123,260.08572792163153,True,1.6635252428419454,8.991903336238453
1693,0.6009340286254882,356.38591207209384,True,1.600165650971565,8.901961480116391
1694,0.5975532531738281,41.449857879998305,True,1.6121687515239473,10.756438042243298
1695,0.5941820144653321,228.43454988468815,True,1.6212656589272605,9.33862553413178
1696,0.5908203125000002,183.46247182075797,True,1.5867217928476487,9.634834050075675
1697,0.5874681472778324,261.99295008079054,True,1.5814756973014181,9.126863582021265
1698,0.5841255187988279,197.38194127100027,True,1.5761171404632364,9.384820571325106
1699,0.5807924270629882,111.70816690668805,True,1.5137879259854774,10.308803561813846
1700,0.5774688720703125,165.26651606323938,True,1.5126672520524918,9.642378843033894
1701,0.5741548538208009,288.17255636583377,True,1.580428649101643,9.48311372121716
1702,0.5708503723144533,140.18316443889623,True,1.5476784665144785,10.004153073210414
1703,0.5675554275512699,219.70352818105633,True,1.4897344133056036,9.396153747825371
1704,0.5642700195312498,174.5926000679459,True,1.5957110100058303,9.683231686208538
1705,0.5609941482543944,246.92485720389982,True,1.5251314935979507,9.1814721055862
1706,0.5577278137207031,23.33920039855067,True,1.4872459537079785,11.47267402340371
1707,0.5544710159301759,36.790548039114064,True,1.5359026463177827,11.907825267126565
1708,0.5512237548828127,154.23037092344512,True,1.5023761776308455,9.996160145723982
1709,0.5479860305786136,134.74493172431625,True,1.4951240276530646,10.749179062020373
1710,0.5447578430175779,121.84617582763791,True,1.4385332246290259,9.999881594849654
1711,0.5415391921997069,196.92900649664034,True,1.5013090660135062,10.07586497388577
1712,0.538330078125,230.65911541812235,True,1.4578862976062623,9.596343582722131
1713,0.5351305007934571,96.66668820631612,True,1.4774589126543745,10.579362196267768
1714,0.5319404602050783,220.64735535332235,True,1.5514503190522833,9.165378083092063
1715,0.5287599563598636,110.76725455870326,True,1.455772704490534,10.364606107069315
1716,0.5255889892578123,184.29259878578475,True,1.4805115141132401,9.524227197089171
1717,0.5224275588989257,209.92040218461162,True,1.4593790549946088,9.408339289124676
1718,0.5192756652832031,230.57246244572772,True,1.5400145301546349,9.480190145175056
1719,0.5161333084106446,267.6109514066133,True,1.5648166394538783,9.333109522197848
1720,0.5130004882812502,263.1095524863502,True,1.5230831021062476,9.601175161382066
1721,0.5098772048950198,305.8728776002145,True,1.5330644761280388,9.413592682863404
1722,0.5067634582519529,137.74658466481253,True,1.450764660127513,10.211982142463226
1723,0.5036592483520507,337.6374724366349,True,1.5659431175048169,8.790013129212078
1724,0.5005645751953125,121.04305897027275,True,1.5338221354915427,10.430285399911092
1725,0.49747943878173834,283.9795150126285,True,1.5184865089531412,9.432748575384695
1726,0.4944038391113283,163.19306626346207,True,1.4598818963290996,10.303433080393104
1727,0.4913377761840823,204.12879634271175,True,1.4465443585294424,10.094081998367773
1728,0.4882812499999997,205.57719428537771,True,1.4810541697284794,9.825017644342093
1729,0.48523426055908186,254.6215340445275,True,1.5245011799342216,9.618040445037568
1730,0.48219680786132807,163.64770319985104,True,1.403887681924265,10.390379184854474
1731,0.47916889190673834,154.83911651314725,True,1.4957543191941833,10.017240650830006
1732,0.47615051269531267,241.00840268842677,True,1.506926952323686,9.87503943982638
1733,0.473141670227051,351.863988653254,True,1.441921906641882,9.1734394821816
1734,0.47014236450195346,238.10794821949204,True,1.386099642792106,9.634328114713675
1735,0.46715259552001936,301.4258446786801,True,1.4806679525798656,9.410670569077494
1736,0.46417236328124994,143.15024614710367,True,1.511312210908784,10.066927807081239
1737,0.4612016677856446,165.36631067908604,True,1.4181250926978084,10.122725775758763
1738,0.45824050903320324,174.64996790235458,True,1.5160062685506313,10.439043966867574
1739,0.455288887023926,213.10046312246482,True,1.4368428653313132,10.146888474153105
1740,0.45234680175781283,264.81388207815746,True,1.4502931876412963,9.59187477587703
1741,0.4494142532348631,238.7925243353018,True,1.3861964896493482,10.006276013918155
1742,0.44649124145507807,267.9647390173629,True,1.3745096834159294,9.356629915329147
1743,0.44357776641845703,217.96859520107927,True,1.4592535136718883,9.681685462741049
1744,0.4406738281250001,230.89484962155078,True,1.4198804952632667,10.003815901206437
1745,0.43777942657470725,261.75764710280464,True,1.428976693032102,9.48422873555977
1746,0.43489456176757846,131.97312266504815,True,1.3932659027791376,10.407874836379348
1747,0.4320192337036131,277.6350405105312,True,1.4422787666056018,9.590998388330416
1748,0.4291534423828124,153.02854405837303,True,1.4537064794375314,10.264628465490553
1749,0.4262971878051758,261.23734802936247,True,1.4294176362056406,9.984190891441528
1750,0.42345046997070324,52.749910203863585,True,1.3855288039279523,11.48244083534436
1751,0.42061328887939475,88.50026221408712,True,1.3807579241364039,11.102417362208291
1752,0.4177856445312503,154.16613659938784,True,1.4027968332065848,10.422119332914495
1753,0.41496753692626936,201.46882587062547,True,1.4298830452389253,10.223181087276599
1754,0.412158966064453,140.96411865488048,True,1.426899724939036,10.573439845536464
1755,0.4093599319458008,181.39436458498972,True,1.3857093447220412,10.189777787240708
1756,0.4065704345703126,214.25065245733262,True,1.4572967649205046,9.988100656922686
1757,0.40379047393798845,321.1455734908537,True,1.3950152332463719,9.45834847434252
1758,0.4010200500488284,170.04500619975582,True,1.4077340167600993,10.255070877347029
1759,0.39825916290283186,158.75287960273687,True,1.423843755905747,10.746269916967178
1760,0.3955078124999999,173.03085593389793,True,1.5070056735906805,10.588195629353985
1761,0.39276599884033203,177.33384222661874,True,1.401047001083646,10.7516662601293
1762,0.3900337219238282,246.05806553069698,True,1.4345653179666742,9.653584088700725
1763,0.38731098175048845,48.839153065175815,True,1.4162630106834901,11.680284466776921
1764,0.3845977783203128,171.0933302893982,True,1.4447211368550361,10.611718374443486
1765,0.38189411163330056,221.11655914933777,True,1.3414059567386944,10.220440325981494
1766,0.379199981689453,201.60604015121683,True,1.3156691027441996,10.389067766987617
1767,0.37651538848876953,148.55464844579114,True,1.3124507832847923,10.739830827379421
1768,0.37384033203125006,101.65578440167376,True,1.3295700737051583,10.709398877962427
1769,0.3711748123168947,83.14500814211749,True,1.368795363724506,11.350521218818619
1770,0.36851882934570335,161.13245924351872,True,1.3183598051301388,10.580892994099365
1771,0.36587238311767556,158.25312555505408,True,1.4049806907310778,10.588669301802332
1772,0.3632354736328124,64.90649843493989,True,1.2766141407626446,11.563226779733299
1773,0.3606081008911133,80.28057686224689,True,1.310732092944469,11.537554019432434
1774,0.3579902648925782,161.9228817560701,True,1.28584473070666,11.207144271262687
1775,0.3553819656372072,59.45856658490555,True,1.335253626637338,11.732713029382028
1776,0.3527832031250002,142.18903588058603,True,1.269647787865085,10.615386466601162
1777,0.3501939773559568,66.00079431371239,True,1.32863376063602,11.748263431113083
1778,0.347614288330078,158.52568104724793,True,1.2717665583438518,10.60874657834188
1779,0.3450441360473632,67.71645538036425,True,1.3065925566623922,11.563584934793491
1780,0.34248352050781256,175.17118848729436,True,1.3617634861899381,10.340927521723692
1781,0.3399324417114259,85.41976550178687,True,1.2819314967747202,11.359295520785874
1782,0.33739089965820335,177.6536463677993,True,1.2801140340841697,10.91868775346241
1783,0.3348588943481443,43.57201657449243,True,1.2959848040260717,11.806585234934134
1784,0.3323364257812499,172.90881154474516,True,1.2436809274568816,11.056090658015393
1785,0.3298234939575195,144.24824847537468,True,1.3428105844879665,10.596169919445327
1786,0.3273200988769532,204.10037438070654,True,1.3644944716274334,10.61297884115485
1787,0.3248262405395509,118.10762939938337,True,1.2845764417634173,11.070959657499872
1788,0.3223419189453127,180.20457097707433,True,1.320611303285479,10.580723262386869
1789,0.31986713409423806,210.4714940383624,True,1.257042730752207,10.529592245522958
1790,0.317401885986328,154.02457267965247,True,1.2346912204338263,10.715710274689538
1791,0.314946174621582,65.8553100275771,True,1.2341037024899857,11.860041670094347
1792,0.31250000000000006,146.6345602966725,True,1.242974570486301,10.91105118366155
1793,0.31006336212158214,253.36921321774497,True,1.2509626269232363,10.179264411294124
1794,0.3076362609863283,132.42379327391671,True,1.3137738587028742,11.13137351462565
1795,0.30521869659423856,29.795431193770387,True,1.2445554117266502,12.519823337547372
1796,0.3028106689453124,178.8948832758279,True,1.252872205279929,10.333233124130768
1797,0.3004121780395507,78.76776798566307,True,1.319424911765971,11.184074944516501
1798,0.2980232238769531,206.5752931443298,True,1.3107815975889536,10.575301123626335
1799,0.29564380645751964,64.54036784850973,True,1.3058475534577003,11.697826013273996
1800,0.29327392578125017,121.62989619915251,True,1.3057681638026137,11.404506179435012
1801,0.2909135818481448,97.14832144600315,True,1.3278950412455417,11.431787426710132
1802,0.28856277465820296,170.00988922407706,True,1.3716348975353498,10.860328807147683
1803,0.2862215042114257,36.368180186672085,True,1.4228103479553744,12.290999240515985
1804,0.2838897705078125,234.13242018978906,True,1.3450462901788303,10.457745491339058
1805,0.2815675735473634,70.62234221772765,True,1.2275464087057328,11.717240238013078
1806,0.2792549133300783,108.94797193747654,True,1.2962498678266654,11.206557362219385
1807,0.27695178985595725,42.20679711046574,True,1.3054588222384567,12.26504744526007
1808,0.27465820312499983,133.52886009825312,True,1.3515849080706905,11.188855121956124
1809,0.272374153137207,45.31962991076364,True,1.3156850344653754,12.05604028345038
1810,0.2700996398925781,156.79893855092206,True,1.2716782925479277,10.977786194680014
1811,0.26783466339111334,218.95679890511974,True,1.2450344147020924,10.714959601817865
1812,0.26557922363281267,132.39581740936916,True,1.2356444410793035,11.057135098910543
1813,0.263333320617676,204.5862351394245,True,1.2496517238102278,10.691264249870324
1814,0.26109695434570296,122.30593570411901,True,1.2042016406207847,11.361298370799664
1815,0.2588701248168945,160.26549917548414,True,1.2244145064799818,11.017758633001623
1816,0.25665283203125,77.57160509817574,True,1.2296161084498596,11.89345848684825
1817,0.2544450759887696,143.2430661571384,True,1.1853575002284227,11.279587268014254
1818,0.2522468566894533,89.86824715516386,True,1.1839530754596055,11.403892983385465
1819,0.250058174133301,154.01172472149148,True,1.2236884581147591,11.13564116007624
1820,0.24787902832031233,79.30479225513231,True,1.1987658489327069,11.622407168471439
1821,0.2457094192504882,166.77612663579455,True,1.218784852067197,11.10835876405345
1822,0.24354934692382812,165.93468563062453,True,1.2256458110025925,10.852822549531632
1823,0.2413988113403321,153.02274224538255,True,1.2710151907069247,11.17513884759824
1824,0.23925781250000014,162.33074438152613,True,1.2595564704709974,11.213184852711239
1825,0.23712635040283223,109.99644151904548,True,1.2003233727852995,11.669464710310427
1826,0.23500442504882796,177.475225272409,True,1.2634252304092555,10.71521266888549
1827,0.2328920364379882,53.884724530225604,True,1.255433007996496,12.243260660400992
1828,0.23078918457031247,216.66397929081012,True,1.2494211087709466,10.86846175544236
1829,0.22869586944580084,36.18831105544685,True,1.2467077727193652,12.155869083288671
1830,0.22661209106445324,217.091453565478,True,1.332785698664835,10.987597582711862
1831,0.22453784942626973,42.15300410098721,True,1.231917334415111,12.497871175124018
1832,0.22247314453125025,227.4875744453256,True,1.2507803506152582,10.528639598335948
1833,0.22041797637939445,44.104485174266046,True,1.2471119422784531,12.462984640523858
1834,0.2183723449707035,188.7052034983827,True,1.2453921394645833,11.187829373003643
1835,0.21633625030517584,62.63929511001077,True,1.2241429506873,11.85502742005518
1836,0.2143096923828122,148.2592759434718,True,1.2396505287682853,11.490190174118894
1837,0.21229267120361345,44.278072689156964,True,1.2012370627826723,12.356976507581017
1838,0.21028518676757796,63.14448774515688,True,1.2161220076134642,12.219748238744183
1839,0.20828723907470734,70.08690363700019,True,1.2248914879820734,12.015048645741714
1840,0.20629882812499997,19.69695906750458,True,1.1889941838503757,13.309647813638398
1841,0.20431995391845667,129.08959859835352,True,1.2042313063343177,11.398070782591612
1842,0.20235061645507824,280.97201432340546,True,1.132448370784464,9.817377722605217
1843,0.20039081573486306,102.22342761378184,True,1.1628689371071192,11.090195761239366
1844,0.19844055175781272,226.45516610489832,True,1.1321825783791981,10.487341134940618
1845,0.19649982452392567,71.48516408603687,True,1.133580096919937,11.839377701967745
1846,0.19456863403320349,88.30958456463482,True,1.2146516970080241,11.854688122540443
1847,0.19264698028564456,44.49926305405534,True,1.1798257613736163,12.348914405895545
1848,0.1907348632812497,36.755691830795634,True,1.1721233399129531,12.700662255844811
1849,0.1888322830200197,98.73137731546174,True,1.1219408787346803,11.635053348532242
1850,0.18693923950195296,179.4420114061004,True,1.0930117681545393,10.911183975805997
1851,0.18505573272705106,180.6459551205112,True,1.1411973242501423,10.556891607148097
1852,0.18318176269531247,127.19333202127576,True,1.1492562778888198,11.301432378839076
1853,0.18131732940673792,63.337601810793245,True,1.1774087708007612,12.239225993444792
1854,0.1794624328613282,49.362741899769944,True,1.1332943428648812,12.334350393174988
1855,0.1776170730590818,183.77820327479782,True,1.132827483470519,10.981876156449623
1856,0.1757812500000002,191.75405749344355,True,1.1946184082922404,10.881233889016329
1857,0.17395496368408192,162.09662845254462,True,1.1714725615226842,10.623376143746563
1858,0.17213821411132846,116.27900584738612,True,1.1370825511610234,11.272404638048767
1859,0.17033100128173828,74.86222765324737,True,1.144099719046593,11.894486702126594
1860,0.16853332519531222,67.5215684545238,True,1.1371145657969814,11.88091609934868
1861,0.16674518585205092,62.35488552394217,True,1.1450091085591128,12.241877118025814
1862,0.16496658325195296,84.06912741956819,True,1.1254131300221997,11.549811502298988
1863,0.16319751739501978,251.39641819940587,True,1.139310383622934,10.432809935856946
1864,0.16143798828124994,74.01397152443415,True,1.1210055223957132,11.748526418305712
1865,0.1596879959106449,109.16702643539864,True,1.1275675988428717,11.635911453421851
1866,0.15794754028320318,90.47556859366065,True,1.1861604211880772,11.55349923524018
1867,0.15621662139892556,16.856012967412116,True,1.1033511608598472,13.156532657247809
1868,0.15449523925781267,106.41198277341027,True,1.1222924619144192,11.491866684399087
1869,0.15278339385986317,119.8455591896364,True,1.1277961237254475,11.610367272924456
1870,0.1510810852050784,125.03284171610439,True,1.1586289610816831,11.043019662392267
1871,0.14938831329345703,227.58006930247146,True,1.1307743291637387,10.402774373605299
1872,0.14770507812499972,49.70283372131787,True,1.102127156263879,12.133242603536615
1873,0.14603137969970714,84.21257514347805,True,1.1890494717888545,12.08936062013598
1874,0.14436721801757796,170.53657491700693,True,1.0874041082981822,10.635819979555764
1875,0.1427125930786135,24.158283728399574,True,1.1172690747762501,12.669153898668148
1876,0.14106750488281244,92.02580801200345,True,1.1458153606734913,11.520466060185283
1877,0.13943195343017611,38.46094668337437,True,1.1220949529997672,12.325217368019366
1878,0.13780593872070318,136.89826160116553,True,1.1162127772582071,11.323069261911428
1879,0.1361894607543943,105.01051061366262,True,1.1211130951757518,11.332994692764883
1880,0.13458251953125017,56.98843262193205,True,1.1561893676899875,11.700358969058263
1881,0.13298511505126942,158.41547775391092,True,1.1689007292762066,11.267303748166759
1882,0.13139724731445337,4.573582014517273,True,1.1073471331093292,14.055267505425702
1883,0.12981891632080078,133.88712028483454,True,1.1116593262410734,11.67407907070445
1884,0.12825012207031222,49.39881084680827,True,1.1054358279511782,12.499491287752964
1885,0.12669086456298836,79.9073324430406,True,1.0942135256788987,11.353542720412223
1886,0.12514114379882796,174.13599112885058,True,1.0762764387754302,10.860692740853807
1887,0.12360095977783223,17.793646431779173,True,1.074681158040768,12.677355604672123
1888,0.12207031249999993,107.38140288378149,True,1.1786004804647103,11.262892921045125
1889,0.12054920196533232,169.00111401044933,True,1.1325934970513618,10.667632429031814
1890,0.11903762817382817,53.053801892416146,True,1.179859938294911,11.839843906040041
1891,0.11753559112548806,189.49583465811833,True,1.1101970725328174,10.388906022779532
1892,0.11604309082031264,96.79469473268979,True,1.1476587030278176,11.316145400036593
1893,0.11456012725830066,125.83662626805581,True,1.0949385896961383,11.148661634628736
1894,0.11308670043945336,80.489456454306,True,1.1186444554710617,11.363231541987725
1895,0.11162281036376952,106.28601905833303,True,1.1387497761486307,11.243308378992428
1896,0.11016845703124974,135.98803361441898,True,1.0887323364351291,10.93474560521988
1897,0.10872364044189461,104.57146289226704,True,1.125152503228095,11.025545339777775
1898,0.10728836059570296,110.63516585169458,True,1.109101439733105,11.074866238032689
1899,0.10586261749267595,171.30830630581337,True,1.0864631514827487,10.576765484652906
1900,0.10444641113281243,91.85041058997074,True,1.13957368857457,11.091869452436201
1901,0.10303974151611354,181.96020123093058,True,1.1489671422384036,10.639309844699739
1902,0.10164260864257815,104.5469893392053,True,1.104513072315955,11.060251966194501
1903,0.10025501251220682,126.80194475465476,True,1.1258411979722847,11.196991857082676
1904,0.09887695312500011,127.65477443049332,True,1.1012822032482572,10.866160090370936
1905,0.0975084304809569,116.52647628552614,True,1.1096339062378517,10.572426701034015
1906,0.09614944458007833,155.7293918912245,True,1.1134126147599228,10.682134218040277
1907,0.09479999542236325,150.36031975458496,True,1.1164080498496856,10.367248221175759
1908,0.09346008300781225,118.7827440236491,True,1.12427602931764,10.977727733301826
1909,0.09212970733642584,263.4431771405119,True,1.0946056307159444,9.401039859783646
1910,0.09080886840820296,278.0341830386034,True,1.0776429084005743,9.463398250926648
1911,0.08949756622314468,197.37766372110733,True,1.110224509066191,9.890159458221213
1912,0.08819580078124993,162.68508934373585,True,1.0818794943163983,10.49232986483697
1913,0.08690357208251977,286.4530599532897,True,1.1618642653432842,9.793501684791597
1914,0.08562088012695314,162.1002955656245,True,1.1222977307467477,9.97574353768122
1915,0.08434772491455057,89.77571227260435,True,1.1379816734342758,10.8800874915624
1916,0.0830841064453126,192.21780076270932,True,1.1098786402637635,9.706379870741785
1917,0.08183002471923817,92.57162947280841,True,1.0978046366675678,10.924472160426081
1918,0.0805854797363283,223.9128900298046,True,1.1424228349338978,9.773222379678522
1919,0.079350471496582,175.19928667417844,True,1.1021210739830842,10.073699916342894
1920,0.07812499999999976,118.25104262927407,True,1.1012573456509647,10.784625225529242
1921,0.07690906524658207,76.87256202664044,True,1.047693404616905,11.013876553096388
1922,0.07570266723632797,204.46324893919012,True,1.1093282008973941,9.625140242676368
1923,0.0745058059692384,106.33828879955858,True,1.099253705992439,10.616700469688444
1924,0.07331848144531243,64.09066451196388,True,1.1181168059194424,11.062154277769174
1925,0.07214069366455099,111.4931765371272,True,1.199442314974758,10.217305932606733
1926,0.07097244262695312,101.62410324509399,True,1.1669146262965682,10.924304901238276
1927,0.06981372833251934,173.7485551077373,True,1.1704912653483588,9.793381747805828
1928,0.06866455078125008,63.70480000837295,True,1.1965714687353364,11.159226915035113
1929,0.06752490997314442,122.51134535213362,True,1.0907056509577318,10.131435106336342
1930,0.06639480590820328,78.85670452558972,True,1.1165187404027948,11.304867854934459
1931,0.06527423858642574,142.61937629877215,True,1.0910796660702118,10.190259081790309
1932,0.06416320800781272,212.40744798887226,True,1.092205922684073,9.395526214067724
1933,0.06306171417236332,104.24081226995021,True,1.1011701421533067,10.318732208795216
1934,0.06196975708007797,223.32765994343734,True,1.0658385517694111,9.329539119596292
1935,0.060887336730957135,184.077992371051,True,1.1198122400692843,9.769301174807996
1936,0.059814453124999924,338.26258997783424,True,1.0635061799800964,9.041552516929316
1937,0.058751106262207205,145.6915309014721,True,1.1037439020644682,10.02741767659638
1938,0.05769729614257812,240.40125009785785,True,1.0777288400616527,9.145519078137823
1939,0.0566530227661131,206.1511405051633,True,1.0342532353119664,9.239085216888645
1940,0.05561828613281256,270.67364459362204,True,1.095305155320069,8.997938730953884
1941,0.05459308624267567,237.8357002421538,True,1.0271195501898718,8.798430260725123
1942,0.05357742309570326,375.54974213397657,True,0.9997169597339928,8.409582344721619
1943,0.05257129669189449,283.63579757366495,True,1.0914393197659416,9.136780811896749
1944,0.051574707031250194,485.8193709318824,True,1.094880455327707,8.043036698723432
1945,0.05058765411376956,381.80040871461466,True,1.10497400265461,8.302491931606367
1946,0.049610137939452986,438.82457283437174,True,1.054402216938889,8.304990344711923
1947,0.04864215850830087,397.619025246173,True,1.0946358606827622,8.269134443225765
1948,0.047683715820312424,380.0472948943066,True,1.1168305857275396,8.49800332276274
1949,0.046734809875488434,384.774804489234,True,1.1029251933637583,8.48696152249113
1950,0.04579544067382812,414.5558237738097,True,1.0875769337989034,8.321557147970093
1951,0.044865608215331865,365.8434802547876,True,1.048150375538184,8.565611951799788
1952,0.04394531250000005,459.2314193231625,True,1.1086222704422692,8.24001013579683
1953,0.04303455352783193,342.9964690860954,True,1.0503720861361368,8.4571097612505
1954,0.042133331298828236,555.7379485091544,True,1.0560407003755463,7.532036995789908
1955,0.04124164581298824,336.8999996467944,True,1.0614160355631705,8.296544008589075
1956,0.04035949707031267,496.93616033350366,True,1.095143639570216,7.414553655672474
1957,0.039486885070800795,290.06998969730165,True,1.0669373169851708,8.73209740651431
1958,0.03862380981445299,406.65421351355826,True,1.082129502911599,8.128148155888852
1959,0.0377702713012696,319.9329329804597,True,1.0776263382554572,8.705960950390688
1960,0.03692626953124993,436.87889164084265,True,1.093187289187413,7.870274222248983
1961,0.036091804504394656,423.0457344181505,True,1.069802764149003,7.724903555593744
1962,0.03526687622070311,479.78231012558905,True,1.066484442235476,7.69944737787322
1963,0.03445148468017563,533.4372928711316,True,1.0972619396324441,7.487567727299725
1964,0.03364562988281254,574.327385649043,True,1.0691969728585384,7.1451364564705715
1965,0.032849311828613184,515.1813855042043,True,1.0833681785803175,7.19724532461308
1966,0.032062530517578215,253.01609491622398,True,1.08842980412561,8.417514165813794
1967,0.03128528594970699,437.5766232712237,True,1.1113891117705204,7.424128513820124
1968,0.03051757812500014,478.6533791486058,True,1.1372358292736335,7.288731164690705
1969,0.02975940704345704,556.4704599152934,True,1.044879280072792,7.000175363772092
1970,0.029010772705078007,542.1446158682138,True,1.067119030431667,7.402860959262998
1971,0.02827167510986334,646.2032348883985,True,1.0658030668112082,6.756471501924349
1972,0.027542114257812434,555.1381271462395,True,1.0996596507956837,7.255560154492481
1973,0.026822090148925885,625.1187027467371,True,1.0655368004499832,6.824715147562051
1974,0.026111602783203108,683.9785797462487,True,1.072724225035469,6.8141315773310644
1975,0.025410652160644396,616.6967215100204,True,1.0729053167656255,7.035001953320733
1976,0.024719238281250028,659.3344085521949,True,1.0405824796971264,6.854379026814471
1977,0.024037361145019445,665.8151093278744,True,1.0736604797522378,6.8480238411432035
1978,0.023365020751953198,758.4615836019741,True,1.006484349161255,6.534990479024045
1979,0.02270221710205074,839.6968515337611,True,1.0118941582740197,6.15376683184499
1980,0.022048950195312614,996.308137027638,True,1.0530914812837988,5.852158209104545
1981,0.021405220031738285,966.541788471941,True,1.108434126854072,6.177472676724482
1982,0.02077102661132802,874.259196548535,True,1.0622258385731798,6.618289246912864
1983,0.020146369934082076,888.562558788021,True,1.0386360571801536,6.20664793048308
1984,0.01953124999999994,905.0712122505903,True,1.059565108336471,6.0532314704963435
1985,0.018925666809082115,905.1945977827215,True,1.0502221719513567,5.95036315957565
1986,0.018329620361328108,821.7618066226399,True,1.0506826789446742,6.477033913486032
1987,0.0177431106567384,860.3316718923202,True,1.043203704091225,6.4103407126340395
1988,0.01716613769531252,773.9877305024525,True,1.0460214206331488,6.242418667625837
1989,0.016598701477050705,830.8136899047371,True,1.047486449601922,5.735283066954754
1990,0.01604080200195318,874.0200000586777,True,1.062393011958957,5.972945487809955
1991,0.015492439270019493,959.2283074953358,True,1.0303182123435206,6.144363542212275
1992,0.01495361328125009,926.2402381324152,True,1.0523390442212162,5.982954329346366
1993,0.01442432403564453,915.6871430194878,True,1.0504173690450236,6.068890187808139
1994,0.013904571533203037,1055.4733583791315,True,1.0991832012628977,5.808997729741506
1995,0.013394355773925814,1039.6643452504984,True,1.0636280461033683,5.578246861120542
1996,0.012893676757812448,1143.3865878641311,True,1.018451005157911,5.261908059470485
1997,0.012402534484863345,1066.226584903593,True,1.0042741924419292,5.690726960808297
1998,0.011920928955078106,1311.1264219762393,True,1.0315687103410889,5.018264802574657
1999,0.011448860168457123,1303.3496713859245,True,1.0414370122422798,5.063101982042316
2000,0.010986328125000012,1417.0587820135331,True,1.0906203915297061,4.97356341822277
2001,0.010533332824706967,1312.8088634599242,True,1.0998426546556206,5.378608895367307
2002,0.010089874267578167,1338.5005385104753,True,1.0684644826463348,5.004567348688786
2003,0.009655952453613248,1594.416512094446,True,1.0564810300301453,4.568962639384601
2004,0.009231567382812568,1616.382994228259,True,1.0746735189416186,4.53790686605104
2005,0.008816719055175778,1693.290958705172,True,1.0702282720320455,4.5481429594730995
2006,0.008411407470703054,1885.8807768684087,True,1.0651175065071752,4.099440148174954
2007,0.008015632629394554,1840.852798177294,True,1.0401869792629477,4.676045994342047
2008,0.0076293945312499575,2086.0808529161804,True,1.063627591056685,4.128145081390501
2009,0.007252693176269577,2138.3479717852274,True,1.0848730882536428,4.004712628731193
2010,0.0068855285644531085,2242.4975249037966,True,1.0955466519934793,3.934272142453672
2011,0.006527900695800849,2309.951468333908,True,1.0690713392806663,4.165942533688293
2012,0.006179809570312507,2503.172400764704,True,1.0701839442374288,3.733803893643298
2013,0.005841255187988232,2594.358764113465,True,1.0609513043168954,3.9467911945053324
2014,0.005512237548828154,2756.9032977172064,True,1.0632640053027476,3.5147864639322233
2015,0.005192756652832005,2783.9874149835364,True,1.0743985168215404,3.915807792767159
2016,0.004882812500000047,2906.172438383647,True,1.0704857045463192,3.844285159203129
2017,0.004582405090332027,3095.2283287171813,True,1.0714284425946365,3.437425344396645
2018,0.004291534423828072,3302.1573798622153,True,1.0919349673580525,3.451583786503659
2019,0.004010200500488295,3506.655231944562,True,1.0504044358553088,3.0909580553006677
2020,0.003738403320312468,3632.533473690998,True,1.04977369948341,3.00166234081983
2021,0.0034761428833008116,3748.97300701429,True,1.058649428256627,2.8753408786513273
2022,0.003223419189453112,3912.581721015834,True,1.0611785935039617,3.014659380232366
2024,0.002746582031250003,2095.09072559532,True,1.0781272829326065,2.5459224252807133
2026,0.002307891845703142,2452.5728194512026,True,1.084008931295056,2.3321895780598147
2028,0.001907348632812528,2857.026493116994,True,1.0867926270040211,2.1241704796419154
2030,0.0015449523925780918,3672.0530090103107,True,1.0704713385218216,2.2133932768651117
2033,0.001072883605957047,3308.410179346361,True,1.0741854562604451,1.7037013474109093
2037,0.0005769729614257641,3834.8861037412457,True,1.0466931250535072,1.2707716207504902
2048,0.0,4888.196791147908,False,1.0627867034363179,0.05359743252517959
